I
1130 Generated by WorldEditor 2.0.0r4

1    187 1 0 ZBBB Beijing XiJiao
1302 city Beijing
1302 country China
1302 datum_lat 
1302 datum_lon 
1302 faa_code 
1302 iata_code BJS
1302 icao_code ZBBB
1302 region_code 
1302 state Beijing Municipality
1302 transition_alt 
1302 transition_level 
1302 flatten 1
100 50.00 2 0 0.00 1 2 1 18  39.96861345  116.25579790   40  150 3 7 0 1 36  39.94858324  116.25777193   40  120 3 1 0 1
110 2 0.00 355.0000 New Taxiway 34
111  39.96504551  116.24797139
111  39.96501497  116.24738410
111  39.96395515  116.24747781
113  39.96398434  116.24799529
111  39.96412095  116.24783982
112  39.96417614  116.24767044  39.96422717  116.24763060
112  39.96430182  116.24761228  39.96436567  116.24760442
111  39.96438495  116.24760520
111  39.96437994  116.24767001
111  39.96451485  116.24766023
111  39.96465350  116.24757059
111  39.96468972  116.24756407
111  39.96472969  116.24756896
112  39.96483587  116.24764882  39.96486335  116.24770586
114  39.96488583  116.24779713  39.96488084  116.24782157
110 2 0.00 355.0000 New Taxiway 5
111  39.96994076  116.25537785 3 102
111  39.96991354  116.25494536 3 102
111  39.96960700  116.25497816 3 102
111  39.96836308  116.25358512 3 102
111  39.96569542  116.25384010 3 102
112  39.96537028  116.25345904  39.96534098  116.25309771 3 102
111  39.96534098  116.25309771 3 102
111  39.96530317  116.25241944 3 102
111  39.96504610  116.24797108 3 102
111  39.96497750  116.24797619 3 102
111  39.96497946  116.24792505 3 102
111  39.96310051  116.24801580 3 102
112  39.96304199  116.24813478  39.96304607  116.24820936 3 102
111  39.96324063  116.25189578 3 102
112  39.96356635  116.25245551  39.96385217  116.25276875 3 102
111  39.96452285  116.25354791 3 102
112  39.96456040  116.25375358  39.96450274  116.25387073 3 102
112  39.96445454  116.25392623  39.96442996  116.25394226 3 102
112  39.96427874  116.25398295  39.96420218  116.25398789 3 102
111  39.96249533  116.25416613 3 102
112  39.96217765  116.25394205  39.96207525  116.25371854 3 102
111  39.96195495  116.25346379
111  39.96178083  116.25356073 3 102
111  39.96188977  116.25381704 3 102
112  39.96188143  116.25408532  39.96181527  116.25417370 3 102
112  39.96174044  116.25420247  39.96170343  116.25421891 3 102
111  39.96168610  116.25422097 3 102
111  39.96148131  116.25422919 3 102
112  39.96142775  116.25422199  39.96142696  116.25422199 3 102
112  39.96128597  116.25412643  39.96124423  116.25408327 3 102
112  39.96115506  116.25394795  39.96114277  116.25390954 3 102
111  39.96114339  116.25388893
111  39.96086844  116.25396167 3 102
112  39.96085143  116.25415463  39.96081992  116.25419916 3 102
112  39.96075560  116.25426253  39.96073262  116.25427452 3 102
112  39.96056262  116.25435501  39.96053046  116.25436015 3 102
111  39.96043726  116.25436700 3 102
111  39.95819041  116.25458686 3 102
112  39.95810447  116.25449397  39.95809594  116.25440406 3 102
111  39.95809200  116.25431158 3 102
111  39.95799014  116.25227540 3 102
111  39.95817359  116.25226619 3 102
111  39.95822580  116.25214538 3 102
111  39.95816863  116.25085806 3 102
111  39.95812236  116.25040882 3 102
112  39.95799442  116.25049761  39.95799033  116.25049583 3 102
111  39.95795495  116.25048873 3 102
111  39.95715465  116.25054555 3 102
111  39.95708524  116.25058462 3 102
112  39.95708387  116.25068050  39.95704168  116.25072134 3 102
111  39.95685113  116.25087937 3 102
111  39.95683616  116.25084918 3 102
111  39.95657713  116.25105293 3 102
111  39.95635107  116.25108693 3 102
111  39.95643081  116.25254197
111  39.95647286  116.25285830 3 102
111  39.95693562  116.25374165 3 102
112  39.95699460  116.25403758  39.95700027  116.25417963 3 102
111  39.95704791  116.25488987 3 102
111  39.95711888  116.25635801 3 102
112  39.95705324  116.25646220  39.95697666  116.25652642 3 102
111  39.95682273  116.25667139
112  39.95753548  116.25659678  39.95753384  116.25659678 3 102
112  39.95724961  116.25624384  39.95723436  116.25592883 3 102
111  39.95719947  116.25531703 3 102
112  39.95756852  116.25483311  39.95794145  116.25478418 3 102
111  39.96066357  116.25452009 3 102
112  39.96097075  116.25487646  39.96098399  116.25519707 3 102
111  39.96102936  116.25589626 3 102
112  39.96091688  116.25617494  39.96081386  116.25622920 3 102
111  39.96073399  116.25628092
112  39.96176869  116.25617947  39.96176491  116.25617823 3 102
111  39.96147075  116.25606643 3 102
112  39.96124580  116.25560894  39.96122217  116.25523406 3 102
111  39.96119098  116.25470382 3 102
111  39.96119287  116.25465449 3 102
112  39.96147359  116.25443992  39.96164844  116.25442513 3 102
111  39.96495324  116.25409532 3 102
112  39.96529077  116.25452684  39.96530983  116.25491929 3 102
111  39.96534658  116.25548045 3 102
112  39.96507983  116.25584956  39.96482576  116.25591319
111  39.96488855  116.25596539
112  39.96607109  116.25582197  39.96606768  116.25582197
111  39.96594341  116.25576602 3 102
111  39.96556130  116.25569891 3 102
112  39.96548130  116.25550232  39.96547109  116.25538986 3 102
111  39.96542686  116.25450195 3 102
112  39.96577166  116.25400916  39.96613460  116.25397068 3 102
111  39.96802956  116.25379252 3 102
112  39.96844459  116.25394452  39.96861378  116.25411101 3 102
111  39.96921358  116.25477993 3 102
112  39.96924106  116.25500534  39.96916448  116.25512952 3 102
113  39.96893038  116.25548637
112  39.96515572  116.25289785  39.96519882  116.25294964
111  39.96520903  116.25311095
112  39.96523511  116.25363333  39.96524419  116.25379759
112  39.96510695  116.25389526  39.96504003  116.25394113
111  39.96492207  116.25384198
112  39.96476555  116.25350902  39.96474400  116.25346315
111  39.96475421  116.25337880
113  39.96511262  116.25285345
111  39.96415175  116.25128440
111  39.96387719  116.25166461
111  39.96371494  116.25149691
111  39.96390353  116.25120962
114  39.96409212  116.25118900  39.96413531  116.25124261
111  39.96382241  116.25170310
111  39.96370968  116.25187080
111  39.96356745  116.25170310
113  39.96368228  116.25153265
111  39.96370125  116.25195877
111  39.96357904  116.25215808
112  39.96347789  116.25207149  39.96345999  116.25202750
112  39.96346525  116.25185155  39.96351161  116.25176083
113  39.96353163  116.25174983
111  39.96494606  116.25252170
111  39.96451975  116.25315314
112  39.96448549  116.25315528  39.96446863  116.25313191
111  39.96443808  116.25310030
112  39.96443913  116.25304669  39.96446442  116.25301095
111  39.96483843  116.25245149
114  39.96488871  116.25245076  39.96490700  116.25246985
111  39.96409390  116.25017589
111  39.96411059  116.25035008
112  39.96410300  116.25055000  39.96408328  116.25068262
111  39.96402260  116.25078555
112  39.96367973  116.25122695  39.96351739  116.25141301
111  39.96342030  116.25112798
112  39.96335051  116.24991461  39.96334293  116.24976418
111  39.96347340  116.24971272
112  39.96388454  116.24967709  39.96401349  116.24966719
111  39.96404384  116.24982158
113  39.96405901  116.25017392
111  39.96475193  116.25026709
111  39.96449205  116.25029573
111  39.96449205  116.25036103
112  39.96441830  116.25036446  39.96438757  116.25036332
112  39.96425324  116.25017316  39.96424183  116.25000821
111  39.96439635  116.24994406
111  39.96448678  116.24993834
112  39.96488274  116.24991428  39.96492313  116.24991428
112  39.96501444  116.25009756  39.96502673  116.25026366
111  39.96488625  116.25032437
113  39.96476123  116.25033045
112  39.96488369  116.25049406  39.96491003  116.25049818
112  39.96504594  116.25070712  39.96505226  116.25089269
111  39.96489317  116.25091193
111  39.96478466  116.25092293
111  39.96478150  116.25086520
111  39.96456657  116.25087894
111  39.96456130  116.25093668
112  39.96445173  116.25095180  39.96439274  116.25094905
112  39.96428738  116.25075523  39.96427474  116.25059028
111  39.96443488  116.25053529
111  39.96453602  116.25052842
111  39.96453602  116.25058065
111  39.96476991  116.25055866
113  39.96477202  116.25050368
112  39.96492296  116.25107741  39.96493174  116.25107741
112  39.96505378  116.25113698  39.96509592  116.25119425
111  39.96510982  116.25138643
112  39.96516356  116.25225454  39.96517599  116.25240823
111  39.96507367  116.25230489
112  39.96439749  116.25153197  39.96439046  116.25151823
112  39.96432462  116.25129027  39.96432901  116.25113907
111  39.96446246  116.25111616
111  39.96457044  116.25111386
111  39.96457308  116.25117228
111  39.96480311  116.25114937
113  39.96480047  116.25109668
111  39.96497825  116.24948726
112  39.96498247  116.24960823  39.96497720  116.24969208
111  39.96487290  116.24972644
111  39.96473804  116.24975118
111  39.96473278  116.24974156
111  39.96467272  116.24967008
111  39.96449257  116.24969620
111  39.96449151  116.24977180
111  39.96424709  116.24978692
111  39.96424182  116.24968520
112  39.96427027  116.24959036  39.96428712  116.24954362
111  39.96437111  116.24949699
113  39.96496582  116.24944355
111  39.95692700  116.25160722
111  39.95687857  116.25162042
111  39.95684965  116.25158081
111  39.95676074  116.25168832
111  39.95672532  116.25166569
112  39.95660027  116.25178545  39.95659593  116.25178074
112  39.95655111  116.25161193  39.95655039  116.25146954
111  39.95665448  116.25136674
112  39.95673689  116.25128564  39.95681857  116.25120454
111  39.95678749  116.25114796
111  39.95695664  116.25099425
112  39.95703471  116.25098010  39.95707302  116.25098293
112  39.95713952  116.25117248  39.95716410  116.25135449
113  39.95697977  116.25152423
112  39.95714177  116.25178583  39.95714906  116.25179941
112  39.95716467  116.25195422  39.95717508  116.25208594
111  39.95709805  116.25214569
112  39.95667856  116.25251098  39.95667127  116.25250691
112  39.95662443  116.25233988  39.95660257  116.25223532
111  39.95668273  116.25212668
111  39.95685968  116.25195286
111  39.95689299  116.25193249
111  39.95697835  116.25181163
111  39.95696690  116.25178175
113  39.95706058  116.25171521
112  39.95730550  116.25426193  39.95730766  116.25433266
112  39.95727224  116.25452127  39.95724333  116.25463160
112  39.95718622  116.25453730  39.95716960  116.25450241
112  39.95716671  116.25433172  39.95717683  116.25425344
111  39.95719779  116.25400071
112  39.95717755  116.25380927  39.95716743  116.25381022
112  39.95710020  116.25374043  39.95707707  116.25370931
112  39.95705611  116.25349618  39.95705105  116.25337359
111  39.95717538  116.25331606
111  39.95716309  116.25304070
112  39.95704888  116.25313500  39.95700117  116.25318875
112  39.95679298  116.25313029  39.95667299  116.25299637
111  39.95675810  116.25281345
112  39.95710410  116.25250383  39.95721902  116.25240606
113  39.95720028  116.25257390
110 1 0.00 355.0000 New Taxiway 2
111  39.96249147  116.26005331
111  39.96130245  116.26020460
112  39.96104773  116.26013659  39.96093484  116.26004454
111  39.95846280  116.25779566
111  39.95822056  116.25755463
112  39.95817330  116.25739707  39.95817659  116.25731230
112  39.95821203  116.25721725  39.95824025  116.25718043
112  39.95830195  116.25715046  39.95836168  116.25712990
111  39.95860848  116.25707253
111  39.95732724  116.25718128
111  39.95765674  116.25730459
112  39.95788975  116.25748184  39.95795276  116.25754692
111  39.95838334  116.25793740
111  39.96109059  116.26039623
111  39.96116875  116.26046618
112  39.96132300  116.26057493  39.96133153  116.26065115
111  39.96133350  116.26067084
111  39.96133678  116.26075990
111  39.96144289  116.26076247
113  39.96250789  116.26074545
110 2 0.00 355.0000 New Taxiway 1
111  39.96569542  116.25635073
111  39.96450427  116.25649453 3 102
112  39.96467804  116.25650203  39.96471250  116.25650203 3 102
111  39.96475298  116.25651701 3 102
112  39.96484214  116.25660265  39.96491598  116.25666759 3 102
111  39.96489355  116.25681175 3 102
112  39.96479510  116.25721854  39.96477869  116.25728419 3 102
111  39.96475943  116.25734872 3 102
112  39.96409440  116.25895042  39.96400303  116.25915904 3 102
111  39.96390221  116.25917651 3 102
111  39.96289635  116.25921331 3 102
111  39.96287838  116.25920905 3 102
111  39.96287348  116.25917282 3 102
112  39.96275262  116.25914299  39.96263176  116.25911316 3 102
111  39.96258276  116.25900874 3 102
112  39.96154820  116.25719100  39.96145020  116.25699283 3 102
111  39.96158906  116.25690634 3 102
111  39.96180465  116.25675796
111  39.96050816  116.25688571 3 102
111  39.96077894  116.25696087 3 102
112  39.96099452  116.25708445  39.96108435  116.25716116 3 102
111  39.96150900  116.25769388 3 102
111  39.96247099  116.25933251 3
111  39.96250308  116.26086015
111  39.96445586  116.26078950 3
111  39.96547130  116.26068347
111  39.96536361  116.25921705
111  39.96530973  116.25922569
111  39.96528989  116.25906167
111  39.96521144  116.25907400
111  39.96522043  116.25930028 3 102
112  39.96481730  116.25935147  39.96465756  116.25936504 3 102
111  39.96464811  116.25930707 3 102
112  39.96447515  116.25909003  39.96435700  116.25894328 3 102
111  39.96442978  116.25879283 3 102
111  39.96504592  116.25733022 3 102
112  39.96527049  116.25685430  39.96532357  116.25673000 3 102
111  39.96539435  116.25664120 3 102
112  39.96552400  116.25649503  39.96557844  116.25643643 3 102
113  39.96585313  116.25635970
110 4 0.00 355.0000 New Taxiway 7
111  39.94749532  116.25759986
111  39.94723490  116.25761943
111  39.94726328  116.25818987
113  39.94752872  116.25816582
110 5 0.00 355.0000 New Taxiway 9
112  39.95865511  116.25455059  39.95864986  116.25454716
112  39.95844770  116.25441615  39.95837944  116.25432367
111  39.95816743  116.25387068
111  39.95817990  116.25430055
111  39.95816743  116.25441529
112  39.95812936  116.25440330  39.95809982  116.25432367
112  39.95808473  116.25428085  39.95808473  116.25428257
111  39.95809260  116.25453689
111  39.95814118  116.25458912
113  39.95825836  116.25459079
110 5 0.00 355.0000 New Taxiway 11
111  39.96324063  116.25189578
111  39.96332998  116.25386187
112  39.96319563  116.25410046  39.96307541  116.25412710
111  39.96319444  116.25412540
111  39.96371182  116.25404480
112  39.96350896  116.25383085  39.96347993  116.25359029
113  39.96343169  116.25224636
110 2 0.00 355.0000 New Taxiway 8
111  39.94845485  116.25747877
111  39.94821746  116.25725902
111  39.94748013  116.25732580
111  39.94753511  116.25842625
111  39.94827857  116.25835865
113  39.94849023  116.25809560
110 4 0.00 355.0000 New Taxiway 7
112  39.97020903  116.25534178  39.97019840  116.25534269
111  39.96991808  116.25536681
111  39.96995326  116.25595253
113  39.97025111  116.25591748
110 2 0.00 355.0000 New Taxiway 5
111  39.96195495  116.25346379 3 102
111  39.96186728  116.25326333 3 102
112  39.96177944  116.25308715  39.96175946  116.25305792 3 102
111  39.96084929  116.25203378 3 102
112  39.96087202  116.25173425  39.96095250  116.25163724
111  39.96101185  116.25164846
111  39.96152127  116.25092220
111  39.96085664  116.25017169
111  39.96025900  116.25105069 3 102
112  39.96012626  116.25112711  39.96005444  116.25111652 3 102
111  39.95999538  116.25105382 3 102
111  39.95989545  116.25091219 3 102
112  39.95986934  116.25075405  39.95989043  116.25061503 3 102
111  39.95996524  116.25048235
111  39.96040231  116.24988309
111  39.95990663  116.24930870
111  39.95947387  116.24992216 3 102
112  39.95926616  116.25021289  39.95926191  116.25021012 3 102
112  39.95920781  116.25032591  39.95918384  116.25034821 3 102
111  39.95919557  116.25036884 3 102
111  39.95912826  116.25046469 3 102
111  39.95858452  116.25130992 3 102
111  39.96082044  116.25388283 3 102
111  39.96086844  116.25396167
111  39.96087796  116.25396095
111  39.96114339  116.25388893 3 102
111  39.96114369  116.25382970 3 102
111  39.96114581  116.25370772 3 102
111  39.96118831  116.25355525 3 102
111  39.96142418  116.25320317 3 102
111  39.96148136  116.25319045 3 102
111  39.96154416  116.25319189 3 102
111  39.96161675  116.25327639 3 102
111  39.96168555  116.25337228 3 102
111  39.96174524  116.25349117 3 102
113  39.96178083  116.25356073
130 Airport Boundary 1
111  39.94584564  116.25715848
111  39.94590684  116.25892464
111  39.95600560  116.25789984
111  39.95742858  116.25805648
111  39.95801137  116.25817193
111  39.95909492  116.25941658
111  39.95987196  116.25986714
111  39.96081953  116.26070350
111  39.96118634  116.26066783
111  39.96133203  116.26078751
111  39.96143816  116.26077343
111  39.96236906  116.26078907
111  39.96241655  116.26195774
111  39.96454480  116.26188172
111  39.96454911  116.26118331
111  39.96453832  116.26081158
111  39.96576649  116.26073272
111  39.96596291  116.26065387
111  39.96604277  116.26033564
111  39.96587873  116.25804042
111  39.96592240  116.25796675
111  39.96603032  116.25777806
111  39.96769881  116.25762035
111  39.96855788  116.25758375
111  39.97116315  116.25708244
111  39.97199416  116.25628258
111  39.97200927  116.25598404
111  39.97197257  116.25526020
111  39.97192077  116.25511093
111  39.97185170  116.25498419
111  39.96923996  116.25328590
111  39.96863217  116.25298195
111  39.96838227  116.25291382
111  39.96825918  116.25292842
111  39.96579750  116.25308899
111  39.96562593  116.25286514
111  39.96554014  116.25263155
111  39.96552895  116.25247582
111  39.96524548  116.24795496
111  39.96520446  116.24777004
111  39.96510748  116.24776031
111  39.96271010  116.24785821
111  39.96281946  116.24982384
111  39.96272311  116.24991711
111  39.96109442  116.24992116
111  39.96000344  116.24889928
111  39.95918910  116.25009551
111  39.95874152  116.24951565
111  39.95811055  116.25017660
111  39.95711283  116.25033069
111  39.95631713  116.25103217
111  39.95607158  116.25260544
111  39.95606537  116.25614933
111  39.95129275  116.25661763
111  39.95127152  116.25604081
111  39.95117783  116.25593164
111  39.95116534  116.25564813
111  39.94852355  116.25584231
113  39.94847006  116.25690215
120 Linear Feature 2
111  39.96405913  116.25252800 1
116  39.96406684  116.25286606  39.96419546  116.25301646
120 Linear Feature 2
111  39.96437794  116.25286763 1
116  39.96437537  116.25321980  39.96450399  116.25337020
120 Linear Feature 2
111  39.96376075  116.25218580 1
116  39.96376846  116.25252387  39.96389708  116.25267427
120 Linear Feature 55
111  39.96114935  116.25590259 51 101
116  39.96125015  116.25701832  39.96134942  116.25715071
120 Linear Feature 54
111  39.96169382  116.25648027 51 101
116  39.96128208  116.25706915  39.96151009  116.25767503
120 Linear Feature 53
111  39.96114799  116.25588091 51 101
116  39.96169382  116.25648027  39.96221595  116.25643182
120 Linear Feature 52
111  39.96098180  116.25391339 1 101
112  39.96104021  116.25419390  39.96105514  116.25438519 1 101
115  39.96107034  116.25462602
120 Linear Feature 51
111  39.96205908  116.25404549 1 101
116  39.96232274  116.25426122  39.96255308  116.25424231
120 Linear Feature 49
111  39.96202078  116.25388016 1 101
112  39.96205893  116.25404559  39.96206630  116.25409920 1 101
116  39.96191263  116.25429969  39.96173023  116.25431692
120 Linear Feature 48
111  39.96202074  116.25388030 1 101
111  39.96179890  116.25338163 1 101
112  39.96150686  116.25297402  39.96133240  116.25278736 1 101
111  39.96084844  116.25224959 1 101
111  39.95983615  116.25109078 1 101
115  39.95932232  116.25047516
120 Linear Feature 47
111  39.96098180  116.25391339 1 101
111  39.96109094  116.25416513 1 101
116  39.96142026  116.25434616  39.96160737  116.25433074
120 Linear Feature 46
111  39.96083305  116.25440629 1 101
112  39.96100720  116.25408599  39.96100821  116.25386754 1 101
112  39.96086606  116.25372773  39.96082965  116.25368498 1 101
115  39.95875034  116.25131108
120 Linear Feature 45
111  39.96541679  116.25561756 51 101
111  39.96542932  116.25589572 51 101
112  39.96537810  116.25611987  39.96531951  116.25622212 51 101
112  39.96524406  116.25636054  39.96518650  116.25648719 51 101
115  39.96512742  116.25673158
120 Linear Feature 44
111  39.96515666  116.25613819 51 101
115  39.96475029  116.25617910
120 Linear Feature 43
111  39.96512742  116.25673158 51 101
116  39.96475020  116.25617946  39.96420176  116.25623422
120 Linear Feature 42
111  39.96526201  116.25296314 51
115  39.96508311  116.25002439
120 Linear Feature 41
111  39.95788566  116.25244938 1 101
111  39.95798595  116.25449780 1 101
116  39.95813282  116.25468006  39.95825647  116.25466956
120 Linear Feature 40
111  39.95725342  116.25486562 1 101
112  39.95740806  116.25429637  39.95738319  116.25392509 1 101
115  39.95728439  116.25246489
120 Linear Feature 39
111  39.96555750  116.25394164 51 101
116  39.96534759  116.25429484  39.96536890  116.25461938
120 Linear Feature 38
111  39.96530848  116.25368757 51 101
116  39.96555743  116.25394159  39.96573221  116.25392104
120 Linear Feature 37
111  39.96530848  116.25368757 51 101
116  39.96504499  116.25400192  39.96475336  116.25403619
120 Linear Feature 36
111  39.96107032  116.25462605 51 101
116  39.96124542  116.25436357  39.96144729  116.25434078
120 Linear Feature 26
111  39.96461239  116.25350097 1 101
111  39.96469957  116.25363197 1 101
111  39.96485975  116.25391644 1 101
116  39.96504499  116.25400192  39.96517230  116.25400078
120 Linear Feature 25
111  39.96449810  116.25405493 1 101
112  39.96462336  116.25393177  39.96468007  116.25383188 1 101
111  39.96468253  116.25379245 1 101
112  39.96458648  116.25346601  39.96446287  116.25331687 1 101
115  39.96356348  116.25229005
120 Linear Feature 24
111  39.96534753  116.25429495 51 101
111  39.96526199  116.25296313 1 101
112  39.96510394  116.25253642  39.96496961  116.25237147 1 101
115  39.96418337  116.25151603
120 Linear Feature 23
111  39.96933441  116.25481028 1 101
112  39.96931129  116.25507616  39.96920638  116.25523705 1 101
111  39.96895098  116.25565023 1 101
116  39.96877104  116.25578185  39.96865251  116.25579712
120 Linear Feature 22
111  39.96504499  116.25400192 51 101
111  39.96576346  116.25391743 51 101
111  39.96814635  116.25369380 51 101
112  39.96852528  116.25389503  39.96871280  116.25411119 51 101
111  39.96926988  116.25472168 1 101
111  39.96957027  116.25513263 1 101
112  39.96935363  116.25572175  39.96877834  116.25578113 1 101
115  39.96861345  116.25579790
120 Linear Feature 21
111  39.96541899  116.25566685 51 101
116  39.96515615  116.25613832  39.96485099  116.25616997
120 Linear Feature 20
111  39.96083303  116.25440630 51 101
111  39.96148472  116.25434016 51 101
111  39.96482524  116.25402371 51 101
111  39.96504499  116.25400192 51 101
112  39.96534753  116.25429495  39.96537075  116.25463997 51 101
111  39.96541924  116.25566673 51 101
116  39.96574376  116.25608080  39.96605842  116.25604954
120 Linear Feature 19
111  39.95719664  116.25653108 51 101
116  39.95753235  116.25688910  39.95778140  116.25686631
120 Linear Feature 18
111  39.96066964  116.25658074 51 101
112  39.96114799  116.25588091  39.96110384  116.25521203 51 101
111  39.96107032  116.25462605 51 101
112  39.96083303  116.25440630  39.96061092  116.25443006 51 101
111  39.95748357  116.25474560 51 101
112  39.95713325  116.25532787  39.95716207  116.25589788 51 101
111  39.95719090  116.25632737 51 101
111  39.95719613  116.25653181 51 101
116  39.95688300  116.25695219  39.95658807  116.25698069
120 Linear Feature 17
111  39.96309178  116.25933483 1
116  39.96314601  116.25961063  39.96326339  116.25969289
120 Linear Feature 16
111  39.96315555  116.25933193 1
116  39.96314820  116.25961104  39.96305370  116.25975900
120 Linear Feature 15
111  39.96331482  116.25932469 1
116  39.96337678  116.25960616  39.96352282  116.25970772
120 Linear Feature 14
111  39.96338532  116.25932065 1
116  39.96337459  116.25960425  39.96326265  116.25976557
120 Linear Feature 13
111  39.96355726  116.25931280 1
116  39.96361162  116.25959055  39.96372137  116.25965684
120 Linear Feature 12
111  39.96362838  116.25930799 1
116  39.96361183  116.25959095  39.96350940  116.25972221
120 Linear Feature 11
111  39.96257779  116.25982015 1
116  39.96269135  116.25996261  39.96280894  116.25994834
120 Linear Feature 10
111  39.96248684  116.25911627 51 101
112  39.96257288  116.25957790  39.96258078  116.25992841 51 101
111  39.96258810  116.26030668 1
116  39.96270105  116.26042180  39.96281363  116.26040760
120 Linear Feature 62
111  39.95721906  116.25590041 54 104
115  39.95710982  116.25591230
120 Linear Feature 60
111  39.96920687  116.25455940 54 104
115  39.96913519  116.25466905
120 Linear Feature 59
111  39.96502558  116.25729860 54 104
115  39.96484267  116.25716576
120 Linear Feature 58
111  39.96544560  116.25504747 55 104
115  39.96532722  116.25505940
120 Linear Feature 57
111  39.96120707  116.25546445 54 104
115  39.96103513  116.25548115
120 Linear Feature 56
111  39.96166674  116.25750128 54 104
115  39.96152163  116.25765162
120 Linear Feature 9
111  39.96430054  116.25880145 51 101
111  39.96413123  116.25915934 51 101
112  39.96381264  116.25929561  39.96353409  116.25931678 51 101
111  39.96285074  116.25934508 51 101
112  39.96248591  116.25911379  39.96233966  116.25888656 51 101
111  39.96159157  116.25757744 51 101
111  39.96128208  116.25706915 51 101
116  39.96066964  116.25658074  39.96035833  116.25661162
120 Linear Feature 8
111  39.96452963  116.25938853 51
112  39.96455716  116.25956182  39.96453400  116.25964203 1
112  39.96446481  116.25967324  39.96443057  116.25968355 1
115  39.96431134  116.25968952
120 Linear Feature 6
111  39.96460737  116.25991479 1
112  39.96459369  116.26002795  39.96457969  116.26007077 1
112  39.96454607  116.26010166  39.96452311  116.26012279 1 101
112  39.96448750  116.26012436  39.96447591  116.26012711 1
115  39.96439376  116.26013312
120 Linear Feature 5
111  39.96470247  116.25964489 51
112  39.96481704  116.25994059  39.96483079  116.26010437 51
111  39.96483736  116.26013265 1
112  39.96493066  116.26021618  39.96499216  116.26020882 1
115  39.96501739  116.26020588
120 Linear Feature 4
111  39.96452963  116.25938853 51
112  39.96482140  116.25968901  39.96497990  116.25966760 1
115  39.96497409  116.25966822
120 Linear Feature 3
111  39.96574376  116.25608080 51 101
112  39.96512742  116.25673158  39.96494827  116.25720475 51 101
111  39.96430109  116.25880121 51 101
112  39.96437112  116.25915306  39.96450007  116.25934275 51 101
111  39.96452963  116.25938853 51
112  39.96458805  116.25961578  39.96459690  116.25976423 51
115  39.96461514  116.26002752
21  39.96594818  116.25668306 2 175.6800 3.00 New Light Fixture 15
21  39.95111609  116.25687739 2 355.6800 3.00 New Light Fixture 14
20  39.96547657  116.25504432 86.6300 0 2 {@L}B2{@R}18/36{critical,@@,@L}B2{@Y,^l}B{^r}
20  39.96126082  116.25545758 85.5000 0 2 {@L}B3{@R}36/18{critical,@@,@L}B3{@Y,^l}B{^r}
20  39.95825016  116.25757421 221.5000 0 2 {no-entry,@@,no-entry}
20  39.95726030  116.25589493 85.3000 0 2 {@L}B4{@R}36/18{critical,@@,@L}B4{@Y}B{^r}
20  39.96411982  116.25883138 121.1900 0 2 {@L}A1{@Y}A{^ru,@@,@L}A{@Y}A1{^u}
20  39.96265350  116.25905124 39.1200 0 2 {@Y,^lu}A{@L}A2{@@}A{@Y}A2{^u}
20  39.96346644  116.25918722 359.0500 0 2 {@Y,^lu}A1{@L}A{@@}A{@Y}A2{^ru}
20  39.96727358  116.25388289 354.7600 0 2 {@L}B{@@}B
20  39.96911393  116.25469976 40.5000 0 2 {@L}B{critical,@@}B
20  39.96477670  116.25713242 113.5600 0 2 {@Y,^lu}A1{@@,@L}A1{@R}18/36{critical}
20  39.96170926  116.25744607 51.0100 0 2 {@Y}A2{^ru,@@,@L}A2{@R}36/18{critical}
20  39.95760445  116.25484386 356.1700 0 2 {@L}B{@@,@Y,^l}B4{@L}B
20  39.96459848  116.25651592 4.0600 0 2 {@Y}A1{^rd}
14  39.96339895  116.26117537 111.55 0 New Tower Viewpoint 1
1300  39.95920321  116.25085665 312.52 gate jets F7
1301 C none 
1300  39.95949810  116.25119249 313.57 gate jets F6
1301 C none 
1300  39.95981489  116.25154986 313.11 gate jets F5
1301 C none 
1300  39.96015864  116.25193854 313.69 gate jets F4
1301 C none 
1300  39.96049728  116.25232127 313.22 gate jets F3
1301 C none 
1300  39.96081462  116.25266312 313.20 gate jets F2
1301 C none 
1300  39.96112787  116.25303226 313.41 gate jets F1
1301 C none 
1300  39.95774559  116.25284165 354.99 gate jets W5
1301 B none 
1300  39.95776672  116.25319768 354.93 gate jets W4
1301 B none 
1300  39.95779266  116.25355338 354.95 gate jets W3
1301 B none 
1300  39.95781372  116.25390079 355.14 gate jets W2
1301 B none 
1300  39.95783582  116.25423534 355.08 gate jets W1
1301 B none 
1300  39.96464786  116.26050489  84.69 gate jets D1
1301 D none 
1300  39.96461066  116.25252298 -48.61 gate jets N1
1301 C airline 
1300  39.96429582  116.25219225 -47.59 gate jets N2
1301 C airline 
1300  39.96399006  116.25183726 -49.45 gate jets N3
1301 C airline 
1300  39.96528105  116.26017215  -5.63 gate jets D2
1301 C airline 
1300  39.96523882  116.25962779  -6.12 gate jets D3
1301 C airline 
1300  39.96317254  116.25995401  84.24 gate jets E4
1301 B airline 
1300  39.96339631  116.25994018  85.42 gate jets E3
1301 B airline 
1300  39.96363133  116.25992679  85.25 gate jets E2
1301 B airline 
1300  39.96397399  116.25971080 177.96 gate jets E1B
1301 B airline 
1300  39.96271565  116.26042057 -184.95 gate jets E6
1301 B airline 
1300  39.96270550  116.25996012 -185.80 gate jets E5
1301 B airline 
1300  39.96402922  116.26015521 177.29 gate jets E1
1301 C none 
18  39.96368187  116.25837057 4 New Airport Beacon 66
19  39.96777009  116.25651138 1 New Windsock 4
19  39.94907818  116.25834297 1 New Windsock 3
1054 125500 Tower Freq
1200 
1201  39.96840933  116.25319673 both 0 G_stop
1201  39.96612309  116.25342099 both 1 G_stop
1201  39.96604791  116.25340779 both 2 G_stop
1201  39.96592719  116.25336440 both 3 G_stop
1201  39.96575348  116.25321169 both 4 G_stop
1201  39.96568722  116.25312654 both 5 G_stop
1201  39.96559586  116.25294053 both 6 G_stop
1201  39.96549446  116.25265235 both 7 G_stop
1201  39.96546384  116.25254428 both 8 G_stop
1201  39.96544225  116.25242376 both 9 G_stop
1201  39.96543874  116.25228425 both 10 G_stop
1201  39.96521513  116.24817511 both 11 G_stop
1201  39.96519596  116.24808225 both 12 G_stop
1201  39.96516401  116.24799469 both 13 G_stop
1201  39.96511520  116.24791396 both 14 G_stop
1201  39.96508208  116.24788061 both 15 G_stop
1201  39.96504490  116.24786431 both 16 G_stop
1201  39.96498882  116.24785831 both 17 G_stop
1201  39.96294343  116.24794317 both 18 G_stop
1201  39.96286033  116.24794771 both 19 G_stop
1201  39.96018664  116.24812651 both 20 G_stop
1201  39.96015694  116.24812924 both 21 G_stop
1201  39.96010883  116.24815052 both 22 G_stop
1201  39.96000121  116.24824357 both 23 G_stop
1201  39.95872670  116.24962521 both 24 G_stop
1201  39.95825079  116.25015972 both 25 G_stop
1201  39.95820707  116.25019394 both 26 G_stop
1201  39.95812463  116.25022653 both 27 G_stop
1201  39.95787730  116.25026401 both 28 G_stop
1201  39.95725649  116.25033898 both 29 G_stop
1201  39.95713908  116.25039275 both 30 G_stop
1201  39.95688925  116.25058504 both 31 G_stop
1201  39.95643833  116.25107391 both 32 G_stop
1201  39.95641209  116.25110976 both 33 G_stop
1201  39.95641084  116.25125805 both 34 G_stop
1201  39.95646456  116.25232377 both 35 G_stop
1201  39.95646705  116.25250954 both 36 G_stop
1201  39.95645008  116.25267634 both 37 G_stop
1201  39.95623272  116.25590994 both 38 G_stop
1201  39.95623376  116.25599549 both 39 G_stop
1201  39.95621399  116.25610276 both 40 G_stop
1201  39.95619421  116.25615980 both 41 G_stop
1201  39.95615674  116.25623041 both 42 G_stop
1201  39.95612134  116.25626708 both 43 G_stop
1201  39.95602037  116.25629016 both 44 G_stop
1201  39.95123257  116.25676353 both 45 G_stop
1201  39.94646267  116.25716789 both 46 G_stop
1201  39.94643737  116.25717167 both 47 G_stop
1201  39.94631520  116.25722824 both 48 G_stop
1201  39.94621617  116.25730084 both 49 G_stop
1201  39.94616702  116.25735836 both 50 G_stop
1201  39.94609617  116.25747150 both 51 G_stop
1201  39.94604268  116.25757239 both 52 G_stop
1201  39.94600943  116.25772608 both 53 G_stop
1201  39.94599786  116.25790146 both 54 G_stop
1201  39.94601232  116.25809098 both 55 G_stop
1201  39.94603401  116.25835122 both 56 G_stop
1201  39.94605569  116.25845022 both 57 G_stop
1201  39.94610557  116.25853414 both 58 G_stop
1201  39.94613232  116.25857091 both 59 G_stop
1201  39.94621328  116.25863880 both 60 G_stop
1201  39.94631882  116.25870669 both 61 G_stop
1201  39.94653857  116.25878495 both 62 G_stop
1201  39.94672203  116.25878006 both 63 G_stop
1201  39.95803121  116.25767289 both 64 G_stop
1201  39.95813819  116.25766535 both 65 G_stop
1201  39.95827506  116.25775126 both 66 G_stop
1201  39.96104868  116.26026310 both 67 G_stop
1201  39.96126453  116.26031097 both 68 G_stop
1201  39.96211281  116.26022368 both 69 G_start
1201  39.96429967  116.25880376 both 70 A_stop
1201  39.96411702  116.25918633 both 71 A_stop
1201  39.96406281  116.25923254 both 72 A_stop
1201  39.96392691  116.25928064 both 73 A_stop
1201  39.96373246  116.25930233 both 74 A_stop
1201  39.96285418  116.25934383 both 75 A_stop
1201  39.96273129  116.25931931 both 76 A_stop
1201  39.96267057  116.25929007 both 77 A_stop
1201  39.96259973  116.25924103 both 78 A_stop
1201  39.96250096  116.25913519 both 79 A2_stop
1201  39.95713506  116.25533305 both 80 B_stop
1201  39.95714168  116.25512559 both 81 B_stop
1201  39.95718144  116.25498177 both 82 B_stop
1201  39.95725011  116.25486625 both 83 B_stop
1201  39.95734348  116.25479316 both 84 B_stop
1201  39.95746040  116.25474360 both 85 B_stop
1201  39.96801838  116.25370634 both 86 B_stop
1201  39.96532637  116.25397086 both 87 B_stop
1201  39.96105407  116.25439119 both 88 B_stop
1201  39.96819693  116.25369314 both 89 B_stop
1201  39.96830753  116.25373086 both 90 B_stop
1201  39.96846005  116.25382424 both 91 B_stop
1201  39.96911323  116.25455020 both 92 B_stop
1201  39.96926603  116.25472100 both 93 B_stop
1201  39.96950152  116.25503819 both 94 B_stop
1201  39.96962723  116.25521441 both 95 B_stop
1201  39.96967219  116.25553908 both 96 B_stop
1201  39.96945185  116.25570533 both 97 B_stop
1201  39.96542844  116.25594775 both 98 B2_stop
1201  39.96538736  116.25501736 both 99 B2_start
1201  39.96115373  116.25614850 both 100 B3_stop
1201  39.96111983  116.25544147 both 101 B3_start
1201  39.95716326  116.25587351 both 102 B4_stop
1201  39.96162278  116.25763000 both 103 A2_stop
1201  39.96491659  116.25727076 both 104 A1_stop
1201  39.94858323  116.25777195 both 105 36/18_stop
1201  39.96861343  116.25579790 both 106 36/18_start
1201  39.96537635  116.25611719 both 107 36/18_start
1201  39.96098275  116.25655083 both 108 36/18_start
1201  39.95722173  116.25692149 both 109 36/18_start
1202 104 70 twoway taxiway_D a1
1202 71 70 twoway taxiway_C A
1202 72 71 twoway taxiway_C A
1202 73 72 twoway taxiway_C A
1202 74 73 twoway taxiway_C A
1202 75 74 twoway taxiway_C A
1202 76 75 twoway taxiway_C A
1202 77 76 twoway taxiway_C A
1202 78 77 twoway taxiway_C A
1202 79 78 twoway taxiway_C A
1202 103 79 twoway taxiway_C A2
1202 87 99 twoway taxiway_C B2
1202 88 101 twoway taxiway_C B3
1202 80 102 twoway taxiway_C B4
1202 81 80 twoway taxiway_C B
1202 82 81 twoway taxiway_C B
1202 83 82 twoway taxiway_C B
1202 84 83 twoway taxiway_C B
1202 85 84 twoway taxiway_C B
1202 86 87 twoway taxiway_C B
1202 87 88 twoway taxiway_C B
1202 88 85 twoway taxiway_C B
1202 89 86 twoway taxiway_C B
1202 90 89 twoway taxiway_C B
1202 91 90 twoway taxiway_C B
1202 92 91 twoway taxiway_C B
1202 93 92 twoway taxiway_C B
1204 departure 18,36
1204 arrival 18,36
1204 ils 18,36
1202 94 93 twoway taxiway_C B
1204 departure 18,36
1204 arrival 18,36
1204 ils 18,36
1202 95 94 twoway taxiway_C B
1204 departure 18,36
1204 arrival 18,36
1204 ils 18,36
1202 96 95 twoway taxiway_C B
1204 departure 18,36
1204 arrival 18,36
1204 ils 18,36
1202 97 96 twoway taxiway_C B
1204 departure 18,36
1204 arrival 18,36
1204 ils 18,36
1202 106 97 twoway taxiway_C B
1204 departure 18,36
1204 arrival 18,36
1204 ils 18,36
1202 98 107 twoway taxiway_C B2
1204 departure 18,36
1204 arrival 18,36
1204 ils 18,36
1202 99 98 twoway taxiway_C B2
1204 departure 18,36
1204 arrival 18,36
1204 ils 18,36
1202 100 108 twoway taxiway_C B3
1204 departure 18,36
1204 arrival 18,36
1204 ils 18,36
1202 101 100 twoway taxiway_C B3
1204 departure 18,36
1204 arrival 18,36
1204 ils 18,36
1202 109 102 twoway taxiway_C B4
1204 departure 18,36
1204 arrival 18,36
1204 ils 18,36
1202 108 103 twoway taxiway_D A2
1204 departure 18,36
1204 arrival 18,36
1204 ils 18,36
1202 107 104 twoway taxiway_D A1
1204 departure 18,36
1204 arrival 18,36
1204 ils 18,36
1202 106 107 twoway runway 18/36
1204 departure 18,36
1204 arrival 18,36
1204 ils 18,36
1202 107 108 twoway runway 18/36
1204 departure 18,36
1204 arrival 18,36
1204 ils 18,36
1202 108 109 twoway runway 18/36
1204 departure 18,36
1204 arrival 18,36
1204 ils 18,36
1202 109 105 twoway runway 18/36
1204 departure 18,36
1204 arrival 18,36
1204 ils 18,36
1206 1 0 twoway  G
1206 2 1 twoway  G
1206 3 2 twoway  G
1206 4 3 twoway  G
1206 5 4 twoway  G
1206 6 5 twoway  G
1206 7 6 twoway  G
1206 8 7 twoway  G
1206 9 8 twoway  G
1206 10 9 twoway  G
1206 11 10 twoway  G
1206 12 11 twoway  G
1206 13 12 twoway  G
1206 14 13 twoway  G
1206 15 14 twoway  G
1206 16 15 twoway  G
1206 17 16 twoway  G
1206 18 17 twoway  G
1206 19 18 twoway  G
1206 20 19 twoway  G
1206 21 20 twoway  G
1206 22 21 twoway  G
1206 23 22 twoway  G
1206 24 23 twoway  G
1206 25 24 twoway  G
1206 26 25 twoway  G
1206 27 26 twoway  G
1206 28 27 twoway  G
1206 29 28 twoway  G
1206 30 29 twoway  G
1206 31 30 twoway  G
1206 32 31 twoway  G
1206 33 32 twoway  G
1206 34 33 twoway  G
1206 35 34 twoway  G
1206 36 35 twoway  G
1206 37 36 twoway  G
1206 38 37 twoway  G
1206 39 38 twoway  G
1206 40 39 twoway  G
1206 41 40 twoway  G
1206 42 41 twoway  G
1206 43 42 twoway  G
1206 44 43 twoway  G
1206 45 44 twoway  G
1206 46 45 twoway  G
1206 47 46 twoway  G
1206 48 47 twoway  G
1206 49 48 twoway  G
1206 50 49 twoway  G
1206 51 50 twoway  G
1206 52 51 twoway  G
1206 53 52 twoway  G
1206 54 53 twoway  G
1206 55 54 twoway  G
1206 56 55 twoway  G
1206 57 56 twoway  G
1206 58 57 twoway  G
1206 59 58 twoway  G
1206 60 59 twoway  G
1206 61 60 twoway  G
1206 62 61 twoway  G
1206 63 62 twoway  G
1206 64 63 twoway  G
1206 65 64 twoway  G
1206 66 65 twoway  G
1206 67 66 twoway  G
1206 68 67 twoway  G
1206 69 68 twoway  G
1400  39.96377542  116.26051855  261.70 baggage_loader 0 New Service Truck 86
1400  39.96374972  116.26052057  262.07 baggage_loader 0 New Service Truck 82
1400  39.96372232  116.26052150  263.14 baggage_loader 0 New Service Truck 81
1400  39.95715914  116.25217623  252.35 baggage_loader 0 New Service Truck 80
1400  39.95706472  116.25228700  255.26 baggage_loader 0 New Service Truck 79
1400  39.95712426  116.25220893  254.48 baggage_loader 0 New Service Truck 78
1400  39.95690257  116.25240682  251.08 fuel_jets 0 New Service Truck 75
1400  39.95696100  116.25235592  254.74 fuel_jets 0 New Service Truck 74
1400  39.95701874  116.25231218  254.62 fuel_jets 0 New Service Truck 73
1400  39.96232134  116.26022419  274.86 fuel_jets 0 New Service Truck 65
1400  39.96236285  116.26022163  272.39 fuel_jets 0 New Service Truck 64
1400  39.96240372  116.26021636  273.63 fuel_jets 0 New Service Truck 60
1400  39.96244335  116.26021907  270.71 fuel_jets 0 New Service Truck 59
1400  39.96348882  116.26059614  85.27 baggage_train 3 New Service Truck 56
1400  39.96352510  116.26059396  84.41 baggage_train 3 New Service Truck 55
1400  39.96356482  116.26053912  85.18 gpu 0 New Service Truck 45
1400  39.96360297  116.26053690  86.27 gpu 0 New Service Truck 44
1400  39.96366855  116.26050131  86.32 pushback 0 New Service Truck 39
1401  39.96422819  116.24913963  326.82 baggage_loader|baggage_train|crew_car|crew_ferrari|crew_limo|fuel_jets|fuel_liners|fuel_props|food|gpu|pushback New Service Truck Destination 32
1401  39.96469252  116.25108861  85.36 baggage_loader|baggage_train|crew_car|crew_ferrari|crew_limo|fuel_jets|fuel_liners|fuel_props|food|gpu|pushback New Service Truck Destination 27
1401  39.96478311  116.25303400  208.44 baggage_loader|baggage_train|crew_car|crew_ferrari|crew_limo|fuel_jets|fuel_liners|fuel_props|food|gpu|pushback New Service Truck Destination 26
1401  39.96076589  116.25192702  266.54 baggage_loader|baggage_train|crew_car|crew_ferrari|crew_limo|fuel_jets|fuel_liners|fuel_props|food|gpu|pushback New Service Truck Destination 23
1401  39.95982749  116.25079250  270.00 baggage_loader|baggage_train|crew_car|crew_ferrari|crew_limo|fuel_jets|fuel_liners|fuel_props|food|gpu|pushback New Service Truck Destination 22
1401  39.95707991  116.25221630  274.09 baggage_loader|baggage_train|crew_car|crew_ferrari|crew_limo|fuel_jets|fuel_liners|fuel_props|food|gpu|pushback New Service Truck Destination 19
1401  39.95660371  116.25183839  255.53 baggage_loader|baggage_train|crew_car|crew_ferrari|crew_limo|fuel_jets|fuel_liners|fuel_props|food|gpu|pushback New Service Truck Destination 17
1401  39.96223596  116.26026569  267.85 baggage_loader|baggage_train|crew_car|crew_ferrari|crew_limo|fuel_jets|fuel_liners|fuel_props|food|gpu|pushback New Service Truck Destination 14
99
